27.000000 23.000000 30.000000 15.000000   0.0002  0.0008  1139.1393  1.26e+003 0.00e+000 1 110.469299 27.000000 23.000000 30.000000 15.000000   0.000203  0.000849  1139.139282 1   1.26e+003 0.00e+000 110.469299 
13.000000 23.000000 20.000000 15.000000   1.0959  0.0000  494.4190  6.97e+002 0.00e+000 1 0.507242 13.000000 23.000000 20.000000 15.000000   1.095860  0.000001  494.419006 1   6.97e+002 0.00e+000 0.084935 
27.000000 3.000000 29.000000 9.000000   0.7492  0.0002  0.8476  7.37e+002 0.00e+000 1 113913.929688 27.000000 3.000000 29.000000 9.000000   0.749200  0.000204  0.847633 1   7.37e+002 0.00e+000 113913.929688 
12.000000 29.000000 27.000000 12.000000   0.0126  0.0000  6.0638  9.84e+002 0.00e+000 1 0.016060 12.000000 29.000000 27.000000 12.000000   0.012565  0.000001  6.063801 1   9.84e+002 0.00e+000 0.022013 
11.000000 29.000000 25.000000 12.000000   0.0043  0.0001  65.6268  9.61e+002 0.00e+000 1 0.086687 11.000000 29.000000 25.000000 12.000000   0.004330  0.000051  65.626785 1   9.61e+002 0.00e+000 0.023993 
11.000000 29.000000 25.000000 12.000000   0.0043  0.0001  65.6268  9.61e+002 0.00e+000 1 0.022615 11.000000 29.000000 25.000000 12.000000   0.004330  0.000051  65.626785 1   9.61e+002 0.00e+000 0.085310 
12.000000 22.000000 21.000000 1.000000   0.0009  0.0000  353.1999  6.27e+002 0.00e+000 1 0.009803 12.000000 22.000000 21.000000 1.000000   0.000893  0.000029  353.199860 1   6.27e+002 0.00e+000 0.015069 
12.000000 29.000000 29.000000 14.000000   0.0064  0.0000  16.0777  9.84e+002 0.00e+000 1 0.044813 12.000000 29.000000 29.000000 14.000000   0.006443  0.000007  16.077749 1   9.84e+002 0.00e+000 0.044813 
9.000000 29.000000 27.000000 14.000000   0.0021  0.0000  81.7045  9.21e+002 0.00e+000 1 0.013017 9.000000 29.000000 27.000000 14.000000   0.002113  0.000045  81.704536 1   9.21e+002 0.00e+000 0.238716 
9.000000 29.000000 27.000000 14.000000   0.0021  0.0000  81.7045  9.21e+002 0.00e+000 1 0.021970 9.000000 29.000000 27.000000 14.000000   0.002113  0.000045  81.704536 1   9.21e+002 0.00e+000 0.014124 
27.000000 3.000000 21.000000 8.000000   0.2662  0.0000  1.6615  7.37e+002 0.00e+000 1 0.006315 27.000000 3.000000 21.000000 8.000000   0.266228  0.000034  1.661495 1   7.37e+002 0.00e+000 0.163151 
12.000000 22.000000 21.000000 1.000000   0.0009  0.0000  353.1999  6.27e+002 0.00e+000 1 0.021256 12.000000 22.000000 21.000000 1.000000   0.000893  0.000029  353.199860 1   6.27e+002 0.00e+000 0.015990 
12.000000 29.000000 27.000000 12.000000   0.0126  0.0000  6.0638  9.84e+002 0.00e+000 1 0.014438 12.000000 29.000000 27.000000 12.000000   0.012565  0.000001  6.063801 1   9.84e+002 0.00e+000 0.008484 
27.000000 7.000000 21.000000 1.000000   0.6545  0.0001  1.4799  7.77e+002 0.00e+000 1 0.086925 13.000000 23.000000 20.000000 0.000000   0.005036  0.000002  401.477539 1   6.97e+002 0.00e+000 0.082295 
11.000000 6.000000 23.000000 25.000000   0.0015  0.0003  343.8824  1.56e+002 0.00e+000 1 0.042718 25.000000 3.000000 20.000000 12.000000   0.000866  0.000257  356.523254 1   6.33e+002 0.00e+000 0.102645 
13.000000 23.000000 20.000000 0.000000   0.0050  0.0000  401.4775  6.97e+002 0.00e+000 1 0.040138 11.000000 6.000000 23.000000 25.000000   0.001516  0.000300  343.882385 1   1.56e+002 0.00e+000 0.050335 
25.000000 3.000000 20.000000 12.000000   0.0009  0.0003  356.5233  6.33e+002 0.00e+000 1 0.066072 13.000000 19.000000 28.000000 0.000000   0.214278  0.000086  2.309173 1   5.29e+002 0.00e+000 0.171107 
11.000000 6.000000 23.000000 25.000000   0.0015  0.0003  343.8824  1.56e+002 0.00e+000 1 0.454295 25.000000 3.000000 20.000000 12.000000   0.000866  0.000257  356.523254 1   6.33e+002 0.00e+000 0.011713 
13.000000 19.000000 28.000000 0.000000   0.2143  0.0001  2.3092  5.29e+002 0.00e+000 1 0.041704 12.000000 29.000000 29.000000 14.000000   0.006443  0.000007  16.077749 1   9.84e+002 0.00e+000 0.019521 
25.000000 3.000000 20.000000 12.000000   0.0009  0.0003  356.5233  6.33e+002 0.00e+000 1 0.048286 27.000000 7.000000 21.000000 1.000000   0.654459  0.000123  1.479895 1   7.77e+002 0.00e+000 0.299337 
12.000000 29.000000 29.000000 14.000000   0.0064  0.0000  16.0777  9.84e+002 0.00e+000 1 0.010724 10.000000 29.000000 27.000000 14.000000   0.026803  0.000018  4.673127 1   9.40e+002 0.00e+000 0.184225 
27.000000 7.000000 21.000000 1.000000   0.6545  0.0001  1.4799  7.77e+002 0.00e+000 1 0.043251 26.000000 3.000000 21.000000 14.000000   0.000679  0.000490  614.978577 1   6.84e+002 0.00e+000 0.330053 
10.000000 29.000000 27.000000 14.000000   0.0268  0.0000  4.6731  9.40e+002 0.00e+000 1 0.171107 13.000000 23.000000 20.000000 0.000000   0.005036  0.000002  401.477539 1   6.97e+002 0.00e+000 0.002959 
26.000000 3.000000 21.000000 14.000000   0.0007  0.0005  614.9786  6.84e+002 0.00e+000 1 0.330316 13.000000 23.000000 20.000000 15.000000   1.095860  0.000001  494.419006 1   6.97e+002 0.00e+000 0.081650 
13.000000 23.000000 20.000000 0.000000   0.0050  0.0000  401.4775  6.97e+002 0.00e+000 1 0.005136 10.000000 29.000000 27.000000 14.000000   0.026803  0.000018  4.673127 1   9.40e+002 0.00e+000 0.002077 
27.000000 3.000000 29.000000 9.000000   0.7492  0.0002  0.8476  7.37e+002 0.00e+000 1 0.379522 13.000000 23.000000 20.000000 15.000000   1.095860  0.000001  494.419006 1   6.97e+002 0.00e+000 0.316394 
13.000000 23.000000 20.000000 0.000000   0.0050  0.0000  401.4775  6.97e+002 0.00e+000 1 0.083325 13.000000 31.000000 21.000000 14.000000   0.431146  0.000265  0.962313 1   1.13e+003 0.00e+000 0.192769 
13.000000 23.000000 20.000000 15.000000   1.0959  0.0000  494.4190  6.97e+002 0.00e+000 1 0.081650 27.000000 3.000000 21.000000 8.000000   0.266228  0.000034  1.661495 1   7.37e+002 0.00e+000 0.006884 
10.000000 29.000000 27.000000 14.000000   0.0268  0.0000  4.6731  9.40e+002 0.00e+000 1 0.014268 26.000000 3.000000 21.000000 14.000000   0.000679  0.000490  614.978577 1   6.84e+002 0.00e+000 0.883766 
12.000000 29.000000 29.000000 14.000000   0.0064  0.0000  16.0777  9.84e+002 0.00e+000 1 0.021915 9.000000 29.000000 27.000000 14.000000   0.002113  0.000045  81.704536 1   9.21e+002 0.00e+000 0.014495 
13.000000 23.000000 20.000000 15.000000   1.0959  0.0000  494.4190  6.97e+002 0.00e+000 1 109.585968 11.000000 6.000000 23.000000 25.000000   0.001516  0.000300  343.882385 1   1.56e+002 0.00e+000 0.454863 
13.000000 31.000000 21.000000 14.000000   0.4311  0.0003  0.9623  1.13e+003 0.00e+000 1 0.193123 27.000000 3.000000 29.000000 9.000000   0.749200  0.000204  0.847633 1   7.37e+002 0.00e+000 0.086470 
27.000000 3.000000 21.000000 8.000000   0.2662  0.0000  1.6615  7.37e+002 0.00e+000 1 0.047984 13.000000 31.000000 21.000000 14.000000   0.431146  0.000265  0.962313 1   1.13e+003 0.00e+000 0.212894 
26.000000 3.000000 21.000000 14.000000   0.0007  0.0005  614.9786  6.84e+002 0.00e+000 1 0.883503 13.000000 19.000000 28.000000 0.000000   0.214278  0.000086  2.309173 1   5.29e+002 0.00e+000 0.041704 
11.000000 6.000000 23.000000 25.000000   0.0015  0.0003  343.8824  1.56e+002 0.00e+000 1 0.000000 13.000000 19.000000 25.000000 11.000000   0.749200  0.000204  0.847633 1   5.29e+002 0.00e+000 0.316394 
9.000000 29.000000 27.000000 14.000000   0.0021  0.0000  81.7045  9.21e+002 0.00e+000 1 0.232349 27.000000 23.000000 30.000000 15.000000   0.000203  0.000849  1139.139282 1   1.26e+003 0.00e+000 113914.015625 
11.000000 6.000000 23.000000 25.000000   0.0015  0.0003  343.8824  1.56e+002 0.00e+000 1 0.008731 27.000000 3.000000 21.000000 8.000000   0.266228  0.000034  1.661495 1   7.37e+002 0.00e+000 0.047415 
27.000000 23.000000 30.000000 15.000000   0.0002  0.0008  1139.1393  1.26e+003 0.00e+000 1 0.000000 10.000000 29.000000 27.000000 14.000000   0.026803  0.000018  4.673127 1   9.40e+002 0.00e+000 0.027264 
27.000000 3.000000 29.000000 9.000000   0.7492  0.0002  0.8476  7.37e+002 0.00e+000 1 0.181535 27.000000 23.000000 30.000000 15.000000   0.000203  0.000849  1139.139282 1   1.26e+003 0.00e+000 0.000434 
13.000000 31.000000 21.000000 14.000000   0.4311  0.0003  0.9623  1.13e+003 0.00e+000 1 0.212540 27.000000 7.000000 21.000000 1.000000   0.654459  0.000123  1.479895 1   7.77e+002 0.00e+000 0.129880 
13.000000 19.000000 28.000000 0.000000   0.2143  0.0001  2.3092  5.29e+002 0.00e+000 1 0.171107 13.000000 23.000000 20.000000 0.000000   0.005036  0.000002  401.477539 1   6.97e+002 0.00e+000 0.044629 
13.000000 19.000000 25.000000 11.000000   0.7492  0.0002  0.8476  5.29e+002 0.00e+000 1 0.000101 13.000000 23.000000 20.000000 15.000000   1.095860  0.000001  494.419006 1   6.97e+002 0.00e+000 109.691879 
27.000000 23.000000 30.000000 15.000000   0.0002  0.0008  1139.1393  1.26e+003 0.00e+000 1 113914.015625 13.000000 19.000000 28.000000 0.000000   0.214278  0.000086  2.309173 1   5.29e+002 0.00e+000 0.000000 
27.000000 3.000000 21.000000 8.000000   0.2662  0.0000  1.6615  7.37e+002 0.00e+000 1 0.163151 13.000000 23.000000 20.000000 15.000000   1.095860  0.000001  494.419006 1   6.97e+002 0.00e+000 0.000221 
10.000000 29.000000 27.000000 14.000000   0.0268  0.0000  4.6731  9.40e+002 0.00e+000 1 0.028190 27.000000 3.000000 29.000000 9.000000   0.749200  0.000204  0.847633 1   7.37e+002 0.00e+000 0.063128 
27.000000 23.000000 30.000000 15.000000   0.0002  0.0008  1139.1393  1.26e+003 0.00e+000 1 0.000434 27.000000 3.000000 29.000000 9.000000   0.749200  0.000204  0.847633 1   7.37e+002 0.00e+000 0.095065 
27.000000 7.000000 21.000000 1.000000   0.6545  0.0001  1.4799  7.77e+002 0.00e+000 1 0.299041 12.000000 29.000000 29.000000 14.000000   0.006443  0.000007  16.077749 1   9.84e+002 0.00e+000 0.013118 
13.000000 23.000000 20.000000 0.000000   0.0050  0.0000  401.4775  6.97e+002 0.00e+000 1 0.001284 27.000000 3.000000 29.000000 9.000000   0.749200  0.000204  0.847633 1   7.37e+002 0.00e+000 0.000101 
13.000000 23.000000 20.000000 15.000000   1.0959  0.0000  494.4190  6.97e+002 0.00e+000 1 0.000221 11.000000 6.000000 23.000000 25.000000   0.001516  0.000300  343.882385 1   1.56e+002 0.00e+000 0.000545 
13.000000 19.000000 28.000000 0.000000   0.2143  0.0001  2.3092  5.29e+002 0.00e+000 1 0.092742 13.000000 19.000000 28.000000 0.000000   0.214278  0.000086  2.309173 1   5.29e+002 0.00e+000 0.092742 